5664257294
2513608082
1915362131
1650507560
1671665497
1683963007
1688632787
1718817591
1724023070
1738553777
1742335091
1746866531
1788078525
1800041105
1804552742
1805264652
1806209814
1807121342
1808566630
1817418715
1827762990
1848033952
1856630410
1873161302
1884198632
1911411353
1934614395
1942313042
1944433527
1954224110
1969362183
1969551293
1977704687
1978643112
2043408047
2063586265
2111769975
2122866332
2130611422
2143936872
2156195053
2159944254
2162605521
2165996064
2169516752
2172505890
2180882272
2181057682
2181065682
2181187212
2182208754
2192537680
2214638432
2216698861
2231918980
2249325030
2252912000
2260920610
2262057762
2277482170
2283801702
2288640187
2289331232
2309517024
2311356680
2314922874
2315786230
2316053927
2317920263
2323900244
2338510140
2340443234
2343014144
2348175404
2355470083
2356016914
2365158424
2369365880
2388778040
2409140732
2423301080
2423573912
2443593184
2448279330
2456589192
2486279574
2487072084
2505858530
2547691564
2548107664
2560154754
2562128320
2565352952
2566473324
2568832392
2574507421
2601572397
2605322194
2608236987
2625771371
2629783281
2629812353
2631175742
2647487074
2648503210
2650177213
2654992001
2655951153
2659372131
2662867543
2669922373
2671856202
2690422732
2727244681
2736216337
2746541155
2753126872
2784193577
2792151443
2792933204
2796629082
2813408550
2816963890
2817892813
2819461860
2833800394
2859361004
2860842370
2862105204
2864290624
2867119340
2877293822
2881801702
2883427140
2884099050
2884106962
2891746425
2896016734
2899032447
2902832275
2945387360
2951433294
2960035710
2960622470
3018780577
3074410995
3090084645
3108929687
3109101571
3137264335
3152037853
3155449722
3163979325
3165166015
3165493223
3166066473
3170779803
3171313023
3172960782
3176322974
3179496264
3180110533
3186523271
3188472660
3189032095
3197885344
3208009853
3209800980
3210712041
3211401164
3216104715
3223974462
3241875040
3242665461
3249863101
3257047310
3283667227
3284131972
3285000747
3285107592
3315560934
3317865707
3385600402
3413699900
3414565044
3427384434
3444927760
3465118094
3477574053
3489553005
3492528764
3531193222
3589053061
3616442523
3618777024
3660766902
3677315452
3708052715
3734868330
3743007082
3766929364
3787583500
3802003519
3841468305
3880621558
3899434856
3914896457
3922927197
3947802863
3952170306
3966991171
3987633508
5075608389
5120772722
5147928002
5159441357
5163206012
5186306445
5193118854
5194431361
5203744202
5210150485
5273118604
5288973502
5316187607
5319517697
5502666536
5546304075
5578477138
5579871341
5584863769
5600177935
5607251137
5617649599
5626189050
5626819364
1948071467
1970831942
1996022635
2029463747
2103665467
2257314154
2492514480
2518764077
2612392017
3186984277
3283211265
3304239301
3312237543
3580862373
3698244194
3750583172
3751800570
3793036934
3829979326
3847948173
3910083456
3973348437
3978619969
1844722511
1938266114
社区大小:261
情绪值:
disgust sympathy like hate sad happy angry anxiety
1.36574074074	0.0	0.2	0.0	0.0	0.0	3.0	0.0	