1837119642
2571122502
1889194194
1588396982
1200552311
1302334133
1351611321
1581898034
1628887217
1682912905
1695866467
1730553467
1742151735
1744057434
1748570537
1748834694
1749972940
1757335345
1767256901
1769578543
1778944420
1779294390
1780934824
1785106387
1794810164
1797353491
1808500473
1819060822
1826204142
1848729061
1849751930
1852806460
1856438920
1860298884
1860818242
1863190727
1863387682
1864407742
1880793134
1882569807
1882623423
1889163062
1899902830
1901821700
1920854352
1935781061
1973695345
2019365125
2020261325
2022645742
2035899865
2035986482
2046753043
2054460681
2058905674
2072840997
2114245194
2121137432
2126788733
2131477061
2132104814
2137182575
2144660401
2169390053
2171565374
2187041370
2187554134
2197727865
2207874882
2210518654
2211315734
2237162390
2258473441
2270684740
2305514590
2357196085
2368762895
2399054391
2411571541
2419023012
2427357143
2433517255
2436964212
2443342623
2464520270
2530364374
2539710714
2647755884
2694158453
2767336315
2811723497
2829590862
2859193900
2873695844
2946169871
2972360192
3009026395
3042365503
3060020657
3163175364
3169591043
3175762401
3202724930
3224955887
3817102951
3478584900
3483762712
1901989617
1183609351
社区大小:109
情绪值:
disgust sympathy like hate sad happy angry anxiety
0.428571428571	0.0	1.41538461538	0.333333333333	1.26923076923	1.08424908425	0.238095238095	8.0	