1838612285
2094506880
1751371355
5508176924
1252825701
3018458127
1369637017
1768857553
1846398660
1912104862
1976916325
2014245774
2067458877
2083512962
2102656995
2126933117
2181174450
2282350254
2446082934
2485519497
2566245412
2631578960
2632429674
2658120263
2742453140
2846347122
2880764277
2881790624
2911410411
2940629427
3163405332
3210162923
3263176934
3951857093
5149137119
1073003594
1076804100
1251383294
1290237734
1734790694
1745931421
1772738861
1778204685
1778244650
1798178410
1813608540
1822205647
1843180724
1872340050
1886188827
1912991885
1967080883
1977114557
2040706603
2084059717
2120302790
2122795141
2147466025
2175327480
2199204450
2344799862
2384952334
2418389730
2534480782
2571763994
2636612055
2693292765
2693536831
2754936907
2818822495
2832937034
2852926584
2886740232
3043593073
3052092913
1029407662
1224030267
1607946844
1697491943
1791455550
1800455930
1828304497
1862293077
1868378513
1935897881
社区大小:85
情绪值:
disgust sympathy like hate sad happy angry anxiety
25.0	0.0	6.47857142857	2.63937728938	3.38888888889	2.70357142857	0.714285714286	1.23968253968	