2607751181
2690687324
2953445931
3312385445
1660439011
2254348672
1354361670
2219269494
3197413807
3398172830
3687456150
3805759660
3811459938
3815134682
3842059520
3866370806
3907455112
3908095155
5103008824
5182834082
1744520623
1789629425
1871774324
2306619484
2402337462
1175040383
1660810495
1701079080
1748316337
1751165670
1751833655
1761674430
1764000131
1767636643
1774692825
1777072521
1781802827
1785334647
1800404524
1803703593
1825291383
1831170190
1840634834
1844694240
1865574842
1867727963
1870493523
1884669334
1896973502
1913049787
1914624754
社区大小:51
情绪值:
disgust sympathy like hate sad happy angry anxiety
2.39998773157	0.0	11.0940527674	0.145454545455	1.55861244019	51.0	0.0	0.78125	