2396378614
3554224115
3866220987
3188584823
1719459150
3166729791
3853815746
1942774327
2737323383
3821713327
2920609795
2342633924
2137570612
2578201302
2434629830
3803172447
2214984950
2139573094
2253090420
1842147805
1556174177
2754337003
1749871621
2117133050
2704775873
1830653454
2669713022
1935642881
3483888117
2432416824
1869939501
2808605852
3388489350
1734898161
1949564257
1752348794
2828578142
2456838462
3218619004
1766218063
1740679711
3024032705
2260758107
2110690982
3180441454
2656167300
2253979517
2055911591
2341883351
2910772185
1862378495
2464143603
2657553122
1800314673
1936258413
1910728695
1739222585
1803658131
2142351613
1275355853
1751433633
3296846845
5288605560
5241893481
2801536392
2684193401
1630266295
2022141334
1224844235
1749846983
3483957774
2090336274
5079238320
1789005074
3203920027
3245441380
3207481662
1043329207
3227934840
1859363691
2934079261
3688328271
1787089220
2694488023
2169497582
2384160162
2315932732
2309295525
2014001001
2094048640
2108171000
3455044232
2576467084
1971536841
1809822003
2219070570
1768208550
1919933462
1827482423
3216992520
1426695133
1472064492
1507705687
1676579743
1711218247
3197406462
3210057741
3234831080
3249377180
3297571615
3320762127
3425855460
3479262350
3608499413
3648719410
3659206427
3665532607
3692062030
3805016232
3833639538
3860716171
3870395900
3871386347
3911553451
3926270530
3933922103
3962246447
3963258370
5056701144
5084757218
5086465295
5097640951
5098507724
5138611446
5159983415
5209131608
5252458067
5324093445
5435958018
5436546765
5470726260
5500838423
5502120031
5536399090
5538741975
1052477234
1562826911
1644902374
1680197450
1729447944
1729972627
1745239822
1748321837
1749760960
1750770835
1752808242
1798293981
1824417417
1824653330
1852530651
1899321951
1904611367
1911501525
1933077675
2002002850
2085869263
2097492822
2175381332
2187629840
2352455402
2373552642
2435405290
2539706173
2680273573
2849628660
2923317712
3177856134
3620215583
3659496472
3779395203
3860978127
5102444335
5200702372
5264326383
1056914230
1077616891
1108663217
1206747593
1210558317
1216725304
1221326394
1343326033
1364804137
1411931320
1502401193
1504142861
1557678357
1615173415
1641300974
1663834963
1671907394
1672720497
1676522744
1686607291
1702172147
1715210314
1719889732
1722260791
1725630044
1727347804
1727350820
1733815813
1734445073
1736293422
1737255263
1739669855
1740138557
1743302493
1748252240
1750583717
1751897180
1758894603
1761774261
1767326080
1768517515
1768877934
1769146855
1769315974
1770998067
1774591524
1787256291
1787270484
1787925445
1788024047
1788476287
1793068602
1803926313
1804354230
1808525832
1823053017
1823683611
1825828921
1826682920
1827531380
1828666603
1829371974
1834825451
1841129691
1841487675
1841727612
1842339634
1847944640
1850533300
1860988791
1863822154
1864493184
1864518821
1866328513
1881143632
1883352392
1884266082
1886589451
1899761465
1900204192
1900243415
1910822057
1912809650
1912847265
1913660632
1918732601
1921661284
1922706213
1932074175
1935319834
1936657053
社区大小:275
情绪值:
disgust sympathy like hate sad happy angry anxiety
17.8235174621	1.961141297	200.0	5.54681050657	22.2233734449	32.8843674456	2.37715104406	8.77677996859	