2118094607
2042034593
1882843351
1898639053
2439597120
1919114090
2171955720
2717907982
1790596375
2144653531
3148483973
2692639683
1861982720
1846771143
2723016027
3292815783
2122351644
2592065294
3277130805
2277176405
2925003013
2332039637
1996944904
1881931253
1814988312
2729181082
2152031100
1881423750
1993937897
2541465977
2056269375
2622338654
2164716862
3169157603
2338024653
1671220765
1685887920
1022418367
1677368067
1743073562
1779933790
1800538905
1860240747
1867532020
1911729364
1918104964
1918216081
1918487763
1956229990
1956642975
2062411800
2066654047
2086813047
2089261323
2125667370
2130704264
2177545560
2200638200
2215701432
2217752183
2283619830
2298020442
2300368364
2325087102
2345327724
2386163022
2395656763
2395925621
2406513202
2423056593
2502502097
2520423341
2545621807
2562437610
2581445970
2615780397
2618193453
2629390263
2631064833
2648568215
2650076493
2664627571
2678847402
2679157553
2684554137
2708905480
2710783693
2711573521
2715652823
2736163144
2805862044
2819456920
2832855203
2845394210
2851977412
2855657247
2903364807
2904802551
2905040941
2913942230
2918458017
2919090425
2927510583
2927526647
2932751161
2950634084
2950743883
2951810943
2961930644
2966736357
2969957352
3013571591
3022332877
3022550154
3038389097
3087997605
3093170167
3099334120
3135620537
3145770561
3164381341
3166158530
3175656474
3180580953
3182104710
3195842215
3216703284
3221174133
3224490474
3246669085
3247228982
3268730260
3269645224
3269667125
3271917455
3283197474
3392774430
3431196690
3444276290
3477384325
3481295901
3503327291
3519568991
3535487353
3577843760
3597641322
3602481715
3608465534
3631219644
3635644701
3801010943
3829330261
3908316434
3986888160
5068692025
5181903276
5512737721
5597190538
1809115084
1966219032
2257788472
2349723631
2616353310
2631274891
2694690364
2866186342
3075463281
3075547857
1674374784
1694852200
1700353664
1753155871
1797957640
1868300812
1881357320
1933312552
社区大小:176
情绪值:
disgust sympathy like hate sad happy angry anxiety
2.01554112554	0.0	5.67281385281	0.0	21.0	3.17424242424	0.136363636364	1.37857142857	